file: ./tmp/txt/out8_night.txt
tp: 10038 fp: 6594 fn: 10992
precision: 0.603535
recall: 0.477318
Fmeasure: 0.533057

