file: ./tmp/txt/out2_hlight.txt
tp: 630 fp: 655 fn: 1055
precision: 0.490272
recall: 0.373887
Fmeasure: 0.424242

